--- Page ---
CARACTERÍSTICAS TÉCNICAS (IRAM) - CABLES CON CONDUCTORES DE COBRE | SECCIÓN
NOMINAL
DIÁMETRO
CONDUCTOR APROX.
ESPESOR AISLACIÓN 
NOMINAL
ESPESOR ENVOLTURA 
NOMINAL
DIÁMETRO EXTERIOR 
APROXIMADO
MASA
APROXIMADA | mm2
mm
mm
mm
mm
kg/km | UNIPOLARES | 25
35
50
70
95
120
150
185
240
300 | 6.70
7.60
9.30
10.80
12.62
14.30
15.85
18.00
22.10
26.10 | 1.20
1.20
1.40
1.40
1.60
1.60
1.80
2.00
2.20
2.40 | 1.4
1.4
1.4
1.4
1.5
1.6
1.6
1.7
1.8
1.9 | 12.1
13.0
15.1
16.6
19.0
20.9
22.9
25.6
30.3
34.9 | 326
413
588
772
989
1273
1604
1930
2493
3252 | BIPOLARES | 1,5
2,5
4
6
10
16
25
35 | 1.53
1.95
2.43
2.98
4.42
5.40
6.70
7.60 | 0.80
0.80
1.00
1.00
1.00
1.00
1.20
1.20 | 1.8
1.8
1.8
1.8
1.8
1.8
1.8
1.8 | 11.1
11.9
13.7
15.0
17.8
19.9
23.5
25.3 | 157
192
261
331
489
654
955
1165 | TRIPOLARES | 1.5
2.5
4
6
10
16
25
35
50
70
95
120
150
185 | 1.53
1.95
2.43
2.98
4.40
5.40
6.70
7.60
9.30
10.80
12.62
14.30
15.85
18.00 | 0.80
0.80
1.00
1.00
1.00
1.00
1.20
1.20
1.40
1.40
1.60
1.60
1.80
2.00 | 1.8
1.8
1.8
1.8
1.8
1.8
1.8
1.8
2.0
2.1
2.3
2.4
2.5
2.7 | 11.6
12.5
14.4
15.8
18.9
21.1
25.0
27.0
31.9
35.6
40.7
44.6
49.1
55.4 | 179
223
308
400
595
748
1186
1486
2187
2920
3908
4572
5869
7386 | TETRAPOLARES | 1.5
2.5
4
6
10
16
25/16
35/16
50/25
70/35
95/50
120/70
150/70 | 1.53
1.95
2.43
2.98
4.42
5.40
6.70/5.40
7.60/5.40
9.30/6.70
10.80/7.60
12.68/9.30
14.30/10.80
15.85/10.80 | 0.80
0.80
1.00
1.00
1.00
1.00
1.2/1.0
1.2/1.0
1.4/1.2
1.4/1.2
1.6/1.4
1.6/1.4
1.8/1.4 | 1.8
1.8
1.8
1.8
1.8
1.8
1.8
1.8
2.0
2.1
2.3
2.5
2.6 | 12.4
13.4
15.5
17.0
20.5
23.0
26.3
28.0
33.2
36.9
42.6
46.8
50.6 | 210
266
374
475
729
991
1370
1656
2438
3185
4340
5385
6558 | 
